taxid	Nalignments	Direction	Pos	AA	AC	AG	AT	CA	CC	CG	CT	GA	GC	GG	GT	TA	TC	TG	TT
0	72297	5'	0	1.000000	0.000000	0.000000	0.000000	0.000000	0.812987	0.000000	0.187013	0.000457	0.000000	0.999543	0.000000	0.000000	0.000000	0.000000	1.000000
0	72297	5'	1	1.000000	0.000000	0.000000	0.000000	0.000000	0.878494	0.000000	0.121506	0.000530	0.000000	0.999470	0.000000	0.000000	0.000000	0.000000	1.000000
0	72297	5'	2	1.000000	0.000000	0.000000	0.000000	0.000000	0.922027	0.000000	0.077973	0.000688	0.000000	0.999312	0.000000	0.000000	0.000000	0.000000	1.000000
0	72297	5'	3	1.000000	0.000000	0.000000	0.000000	0.000000	0.941284	0.000000	0.058716	0.002191	0.000000	0.997809	0.000000	0.000000	0.000000	0.000000	1.000000
0	72297	5'	4	1.000000	0.000000	0.000000	0.000000	0.000000	0.959474	0.000000	0.040526	0.001602	0.000000	0.998398	0.000000	0.000000	0.000000	0.000000	1.000000
0	72297	3'	0	1.000000	0.000000	0.000000	0.000000	0.000000	0.999400	0.000000	0.000600	0.190711	0.000000	0.809289	0.000000	0.000000	0.000000	0.000000	1.000000
0	72297	3'	1	1.000000	0.000000	0.000000	0.000000	0.000000	0.999008	0.000000	0.000992	0.121445	0.000000	0.878555	0.000000	0.000000	0.000000	0.000000	1.000000
0	72297	3'	2	1.000000	0.000000	0.000000	0.000000	0.000000	0.998425	0.000000	0.001575	0.077844	0.000000	0.922156	0.000000	0.000000	0.000000	0.000000	1.000000
0	72297	3'	3	1.000000	0.000000	0.000000	0.000000	0.000000	0.997878	0.000000	0.002122	0.055273	0.000000	0.944727	0.000000	0.000000	0.000000	0.000000	1.000000
0	72297	3'	4	1.000000	0.000000	0.000000	0.000000	0.000000	0.997631	0.000000	0.002369	0.037023	0.000000	0.962977	0.000000	0.000000	0.000000	0.000000	1.000000
